,London,Paris,Berlin,Madrid,Rome,Vienna,Amsterdam,Brussels
London,0,344,932,1264,1432,1232,358,322
Paris,344,0,878,1054,1108,1030,430,264
Berlin,932,878,0,1869,1510,524,576,672
Madrid,1264,1054,1869,0,1365,1829,1480,1316
Rome,1432,1108,1510,1365,0,1128,1636,1522
Vienna,1232,1030,524,1829,1128,0,1062,1066
Amsterdam,358,430,576,1480,1636,1062,0,174
Brussels,322,264,672,1316,1522,1066,174,0
